92626
57840
101289
260454
62958
65985
56815
84135
67125
70628
60360
123303
203149
69132
94248
55508
153311
147871
76817
45477
68646
242942
107779
165937
77809
71274
106902
101365
117354
216560
24120
17346
106085
127086
72098
37945
21592
207916
54676
73586
91024
129562
319377
98834
119608
28538
32561
61554
51102
136285
112848
68784
155982
279121
214470
256246
826131
266442
165344
48609
120718
180449
247527
91819
66064
218226
103332
75810
302244
406237
321714
569614
700345
101213
535789
469951
166607
56724
131703
255109
74630
46305
68171
111015
100239
130460
65842
283073
231476
160343
71831
212377
124677
84194
258511
110045
163807
88421
124854
74400
112521
167819
68945
205992
619799
681365
140045
342857
216862
90685
102613
91081
320982
98029
336209
68866
148464
165772
127939
93671
123086
74954
74919
78363
42631
253924
120107
155109
60901
83600
171283
175518
99512
45062
77480
53599
795156
402284
228667
112557
864469
842480
149469
700013
315059
434299
402120
359201
267055
344065
320554
271044
297811
268501
434925
140148
320951
725415
481639
117988
351960
103479
310356
235901
330029
233487
412371
275455
519320
215529
258396
240697
180218
718532
647634
584752
321333
344675
306482
304314
316634
86893
184946
263626
177434
181591
302042
156469
167176
121435
191954
395964
269470
121314
227368
340490
116487
102270
373500
480263
82893
231664
256158
612247
373516
308570
321153
370580
463286
216762
289765
139974
106413
121394
84523
227563
124001
136255
127524
848728
482454
119320
255482
188043
486630
506734
318810
395060
142174
239974
151022
255616
160190
140564
130855
169403
133226
158904
184827
232582
51207
464174
543526
749536
285464
79410
69347
220328
864598
270261
207794
139039
298608
643454
141028
236437
157617
121919
211178
174040
179095
199552
176071
145583
159598
140392
126960
760168
357537
713330
364420
267324
127416
99569
500370
276071
403603
441211
667584
841055
704640
190798
739358
200736
450324
421926
542315
162562
290463
110031
287640
360598
90541
178133
185597
221366
486387
206373
601997
147458
220895
211342
251010
263651
417848
457979
394104
281819
181537
506330
368220
147934
243471
370908
397489
341957
156280
119772
350796
173013
26457
26863
79382
182875
689183
300162
146790
419318
303292
159025
190613
118379
163119
375742
404994
226499
525413
499349
390017
219240
170949
234404
282578
237850
471127
72287
99708
34717
695329
138966
794684
658687
513250
368544
159841
431393
203619
886467
479282
39008
312694
509174
342131
799554
196192
294799
119183
375486
359966
801463
322687
277037
232072
152229
426869
222325
217996
196049
168453
131271
97318
604509
154120
80653
257594
350298
531909
98893
152381
665644
253110
192494
251118
422559
319354
180921
104176
167266
260055
117949
176196
214598
280058
213820 50000, 100000, 200000, 300000, 400000, 600000
335230
903650
244078
252957
551199
109469
278926
377599
200017
80487
72477
173442
337777
49461
51230
113893
271578
107699
663450
111776
57345
119137
631217
151780
532101
298884
130129
98154
462008
211437
106166
120611
141017
210049
260301
574253
645655
862496
112339
126099
416478
89393
105180
118233
75553
380252
108053
238200
189244
247568
159829
113855
132052
194795
134069
236985
61540
59565
155317
121132
231303
296108
210415
220652
112952
144132
150419
162392
528827
465939
579363
362666
130537
372865
340840
456098
117735
251127
921994
688043
227204
199001
101763
989683
498429
510340
160533
971111
763816
847165
133764
369420
630469
647836
773357
350656